function data()
return {
	times = { 0, 41.667, 83.333, 125, 166.667, 208.333, 250, 291.667, 333.333, 375, 416.667, 458.333, 500, 541.667, 583.333, 625, 666.667, 708.333, 750, 791.667, 833.333, 875, 916.667, 958.333, 1000, 1041.667, 1083.333, 1125, 1166.667, 1208.333, 1250, 1291.667, 1333.333, 1375, 1416.667, 1458.333, 1500, 1541.667, 1583.333, 1625, 1666.667, 1708.333, 1750, 1791.667, 1833.333, 1875, 1916.667, 1958.333, 2000, 2041.667, 2083.333, 2125, 2166.667, 2208.333, 2250, 2291.667, 2333.333, 2375, 2416.667, 2458.333, 2500, 2541.667, 2583.333, 2625, 2666.667, 2708.333, 2750, 2791.667, 2833.333, 2875, 2916.667, 2958.333, 3000, 3041.667, 3083.333, 3125, 3166.667, 3208.333, 3250, 3291.667, 3333.333, 3375, 3416.667, 3458.333, 3500, 3541.667, 3583.333, 3625, 3666.667, 3708.333, 3750, 3791.667, 3833.333, 3875, 3916.667, 3958.333, 4000, 4041.667, 4083.333, 4125, 4166.667, },
	transfs = {
		{ 1, 0, 0, 0, 0, 1, 0, 0, 0, 0, 1, 0, 0, 0, -0.0022843931801617, 1, },
		{ 0.99999988079071, 0, 0.00028400748851709, 0, 0, 1, 0, 0, -0.00028400748851709, 0, 0.99999988079071, 0, 0.0059077451005578, 0, -0.0022843931801617, 1, },
		{ 0.99999934434891, 0, 0.0011570468777791, 0, 0, 1, 0, 0, -0.0011570468777791, 0, 0.99999934434891, 0, 0.021387938410044, 0, -0.0022843931801617, 1, },
		{ 0.99999642372131, 0, 0.0026506420690566, 0, 0, 1, 0, 0, -0.0026506420690566, 0, 0.99999642372131, 0, 0.043077848851681, 0, -0.0051489258185029, 1, },
		{ 0.99998843669891, 0, 0.0047963070683181, 0, 0, 1, 0, 0, -0.0047963070683181, 0, 0.99998843669891, 0, 0.067613981664181, 0, -0.0091694639995694, 1, },
		{ 0.99997091293335, 0, 0.0076255411840975, 0, 0, 1, 0, 0, -0.0076255411840975, 0, 0.99997091293335, 0, 0.091632232069969, 0, -0.014352111145854, 1, },
		{ 0.99993777275085, 0, 0.011156463995576, 0, 0, 1, 0, 0, -0.011156463995576, 0, 0.99993777275085, 0, 0.11246902495623, 0, -0.020691908895969, 1, },
		{ 0.99988210201263, 0, 0.015353770926595, 0, 0, 1, 0, 0, -0.015353770926595, 0, 0.99988210201263, 0, 0.13025985658169, 0, -0.028141021728516, 1, },
		{ 0.99979656934738, 0, 0.020168738439679, 0, 0, 1, 0, 0, -0.020168738439679, 0, 0.99979656934738, 0, 0.14583846926689, 0, -0.036640778183937, 1, },
		{ 0.99967348575592, 0, 0.025552583858371, 0, 0, 1, 0, 0, -0.025552583858371, 0, 0.99967348575592, 0, 0.16003982722759, 0, -0.046132430434227, 1, },
		{ 0.99950504302979, 0, 0.031456414610147, 0, 0, 1, 0, 0, -0.031456414610147, 0, 0.99950504302979, 0, 0.17369796335697, 0, -0.056557159870863, 1, },
		{ 0.99928390979767, 0, 0.037836790084839, 0, 0, 1, 0, 0, -0.037836790084839, 0, 0.99928390979767, 0, 0.18745742738247, 0, -0.067862391471863, 1, },
		{ 0.99900168180466, 0, 0.044672433286905, 0, 0, 1, 0, 0, -0.044672433286905, 0, 0.99900168180466, 0, 0.20120406150818, 0, -0.080019451677799, 1, },
		{ 0.99864983558655, 0, 0.051947426050901, 0, 0, 1, 0, 0, -0.051947426050901, 0, 0.99864983558655, 0, 0.21463118493557, 0, -0.093005292117596, 1, },
		{ 0.99821954965591, 0, 0.059645757079124, 0, 0, 1, 0, 0, -0.059645757079124, 0, 0.99821954965591, 0, 0.22743484377861, 0, -0.10679756104946, 1, },
		{ 0.99770224094391, 0, 0.067751243710518, 0, 0, 1, 0, 0, -0.067751243710518, 0, 0.99770224094391, 0, 0.2393095344305, 0, -0.12137328833342, 1, },
		{ 0.99708920717239, 0, 0.076243288815022, 0, 0, 1, 0, 0, -0.076243288815022, 0, 0.99708920717239, 0, 0.2500062584877, 0, -0.13669921457767, 1, },
		{ 0.99637377262115, 0, 0.085084021091461, 0, 0, 1, 0, 0, -0.085084021091461, 0, 0.99637377262115, 0, 0.25950026512146, 0, -0.15269973874092, 1, },
		{ 0.99555027484894, 0, 0.094231285154819, 0, 0, 1, 0, 0, -0.094231285154819, 0, 0.99555027484894, 0, 0.26782393455505, 0, -0.16928794980049, 1, },
		{ 0.99461460113525, 0, 0.10364275425673, 0, 0, 1, 0, 0, -0.10364275425673, 0, 0.99461460113525, 0, 0.27500745654106, 0, -0.18637801706791, 1, },
		{ 0.99356353282928, 0, 0.11327622830868, 0, 0, 1, 0, 0, -0.11327622830868, 0, 0.99356353282928, 0, 0.28108289837837, 0, -0.20388320088387, 1, },
		{ 0.99239563941956, 0, 0.12308903038502, 0, 0, 1, 0, 0, -0.12308903038502, 0, 0.99239563941956, 0, 0.28553083539009, 0, -0.22171927988529, 1, },
		{ 0.99111104011536, 0, 0.13303710520267, 0, 0, 1, 0, 0, -0.13303710520267, 0, 0.99111104011536, 0, 0.28997877240181, 0, -0.23981070518494, 1, },
		{ 0.98971164226532, 0, 0.14307601749897, 0, 0, 1, 0, 0, -0.14307601749897, 0, 0.98971164226532, 0, 0.28883039951324, 0, -0.25808393955231, 1, },
		{ 0.98820114135742, 0, 0.15316152572632, 0, 0, 1, 0, 0, -0.15316152572632, 0, 0.98820114135742, 0, 0.28768202662468, 0, -0.27646544575691, 1, },
		{ 0.98658472299576, 0, 0.163249745965, 0, 0, 1, 0, 0, -0.163249745965, 0, 0.98658472299576, 0, 0.28653335571289, 0, -0.29488188028336, 1, },
		{ 0.98486894369125, 0, 0.17330056428909, 0, 0, 1, 0, 0, -0.17330056428909, 0, 0.98486894369125, 0, 0.28538498282433, 0, -0.31326445937157, 1, },
		{ 0.98305910825729, 0, 0.18328851461411, 0, 0, 1, 0, 0, -0.18328851461411, 0, 0.98305910825729, 0, 0.28423660993576, 0, -0.33156371116638, 1, },
		{ 0.98116087913513, 0, 0.19319207966328, 0, 0, 1, 0, 0, -0.19319207966328, 0, 0.98116087913513, 0, 0.28308790922165, 0, -0.34973531961441, 1, },
		{ 0.97918081283569, 0, 0.20298992097378, 0, 0, 1, 0, 0, -0.20298992097378, 0, 0.97918081283569, 0, 0.28193953633308, 0, -0.36773467063904, 1, },
		{ 0.97712606191635, 0, 0.21266077458858, 0, 0, 1, 0, 0, -0.21266077458858, 0, 0.97712606191635, 0, 0.28079116344452, 0, -0.38551732897758, 1, },
		{ 0.97500652074814, 0, 0.22217610478401, 0, 0, 1, 0, 0, -0.22217610478401, 0, 0.97500652074814, 0, 0.27466535568237, 0, -0.40302756428719, 1, },
		{ 0.97284054756165, 0, 0.23147630691528, 0, 0, 1, 0, 0, -0.23147630691528, 0, 0.97284054756165, 0, 0.26747968792915, 0, -0.42016464471817, 1, },
		{ 0.97065025568008, 0, 0.2404952198267, 0, 0, 1, 0, 0, -0.2404952198267, 0, 0.97065025568008, 0, 0.25923353433609, 0, -0.43681663274765, 1, },
		{ 0.96846055984497, 0, 0.24916678667068, 0, 0, 1, 0, 0, -0.24916678667068, 0, 0.96846055984497, 0, 0.24992537498474, 0, -0.45287176966667, 1, },
		{ 0.96629792451859, 0, 0.25742602348328, 0, 0, 1, 0, 0, -0.25742602348328, 0, 0.96629792451859, 0, 0.23955428600311, 0, -0.46821799874306, 1, },
		{ 0.96418738365173, 0, 0.26522186398506, 0, 0, 1, 0, 0, -0.26522186398506, 0, 0.96418738365173, 0, 0.22813491523266, 0, -0.48276296257973, 1, },
		{ 0.96213954687119, 0, 0.2725570499897, 0, 0, 1, 0, 0, -0.2725570499897, 0, 0.96213954687119, 0, 0.21574507653713, 0, -0.4964919090271, 1, },
		{ 0.96016091108322, 0, 0.27944764494896, 0, 0, 1, 0, 0, -0.27944764494896, 0, 0.96016091108322, 0, 0.20248061418533, 0, -0.50940948724747, 1, },
		{ 0.95825654268265, 0, 0.28590977191925, 0, 0, 1, 0, 0, -0.28590977191925, 0, 0.95825654268265, 0, 0.18843550980091, 0, -0.52152037620544, 1, },
		{ 0.95643073320389, 0, 0.29195913672447, 0, 0, 1, 0, 0, -0.29195913672447, 0, 0.95643073320389, 0, 0.17370498180389, 0, -0.53282910585403, 1, },
		{ 0.95469093322754, 0, 0.29759901762009, 0, 0, 1, 0, 0, -0.29759901762009, 0, 0.95469093322754, 0, 0.15837173163891, 0, -0.54332548379898, 1, },
		{ 0.95305943489075, 0, 0.30278334021568, 0, 0, 1, 0, 0, -0.30278334021568, 0, 0.95305943489075, 0, 0.142473295331, 0, -0.55293905735016, 1, },
		{ 0.95156300067902, 0, 0.30745369195938, 0, 0, 1, 0, 0, -0.30745369195938, 0, 0.95156300067902, 0, 0.12603285908699, 0, -0.56158441305161, 1, },
		{ 0.95022916793823, 0, 0.31155186891556, 0, 0, 1, 0, 0, -0.31155186891556, 0, 0.95022916793823, 0, 0.10907729715109, 0, -0.56917607784271, 1, },
		{ 0.94908505678177, 0, 0.31501996517181, 0, 0, 1, 0, 0, -0.31501996517181, 0, 0.94908505678177, 0, 0.091630093753338, 0, -0.5756288766861, 1, },
		{ 0.94815313816071, 0, 0.3178137242794, 0, 0, 1, 0, 0, -0.3178137242794, 0, 0.94815313816071, 0, 0.073733367025852, 0, -0.580874979496, 1, },
		{ 0.94743633270264, 0, 0.31994441151619, 0, 0, 1, 0, 0, -0.31994441151619, 0, 0.94743633270264, 0, 0.055494230240583, 0, -0.58491802215576, 1, },
		{ 0.94693106412888, 0, 0.32143667340279, 0, 0, 1, 0, 0, -0.32143667340279, 0, 0.94693106412888, 0, 0.037035673856735, 0, -0.58777958154678, 1, },
		{ 0.94663256406784, 0, 0.32231467962265, 0, 0, 1, 0, 0, -0.32231467962265, 0, 0.94663256406784, 0, 0.018480682745576, 0, -0.58948063850403, 1, },
		{ 0.94664114713669, 0, 0.32228949666023, 0, 0, 1, 0, 0, -0.32228949666023, 0, 0.94664114713669, 0, -4.6997069148347e-05, 0, -0.58944451808929, 1, },
		{ 0.94664973020554, 0, 0.32226437330246, 0, 0, 1, 0, 0, -0.32226437330246, 0, 0.94664973020554, 0, -0.018441924825311, 0, -0.58940833806992, 1, },
		{ 0.94698911905289, 0, 0.32126557826996, 0, 0, 1, 0, 0, -0.32126557826996, 0, 0.94698911905289, 0, -0.036666870117188, 0, -0.58753103017807, 1, },
		{ 0.94754332304001, 0, 0.31962734460831, 0, 0, 1, 0, 0, -0.31962734460831, 0, 0.94754332304001, 0, -0.054703518748283, 0, -0.58445161581039, 1, },
		{ 0.94830143451691, 0, 0.31737104058266, 0, 0, 1, 0, 0, -0.31737104058266, 0, 0.94830143451691, 0, -0.072531580924988, 0, -0.58021003007889, 1, },
		{ 0.94925165176392, 0, 0.31451752781868, 0, 0, 1, 0, 0, -0.31451752781868, 0, 0.94925165176392, 0, -0.090132594108582, 0, -0.57484668493271, 1, },
		{ 0.95038115978241, 0, 0.31108775734901, 0, 0, 1, 0, 0, -0.31108775734901, 0, 0.95038115978241, 0, -0.10747466981411, 0, -0.56840229034424, 1, },
		{ 0.95167571306229, 0, 0.30710482597351, 0, 0, 1, 0, 0, -0.30710482597351, 0, 0.95167571306229, 0, -0.12447585910559, 0, -0.56091994047165, 1, },
		{ 0.95312029123306, 0, 0.30259162187576, 0, 0, 1, 0, 0, -0.30259162187576, 0, 0.95312029123306, 0, -0.1410418599844, 0, -0.55244296789169, 1, },
		{ 0.95469951629639, 0, 0.29757151007652, 0, 0, 1, 0, 0, -0.29757151007652, 0, 0.95469951629639, 0, -0.15707854926586, 0, -0.54301464557648, 1, },
		{ 0.95639777183533, 0, 0.29206731915474, 0, 0, 1, 0, 0, -0.29206731915474, 0, 0.95639777183533, 0, -0.1724916100502, 0, -0.53267854452133, 1, },
		{ 0.95820015668869, 0, 0.28609848022461, 0, 0, 1, 0, 0, -0.28609848022461, 0, 0.95820015668869, 0, -0.18719482421875, 0, -0.52147305011749, 1, },
		{ 0.96009683609009, 0, 0.27966770529747, 0, 0, 1, 0, 0, -0.27966770529747, 0, 0.96009683609009, 0, -0.20113600790501, 0, -0.50941652059555, 1, },
		{ 0.96207803487778, 0, 0.27277430891991, 0, 0, 1, 0, 0, -0.27277430891991, 0, 0.96207803487778, 0, -0.21427062153816, 0, -0.49652227759361, 1, },
		{ 0.96413362026215, 0, 0.26541712880135, 0, 0, 1, 0, 0, -0.26541712880135, 0, 0.96413362026215, 0, -0.22655487060547, 0, -0.48280355334282, 1, },
		{ 0.96625292301178, 0, 0.25759503245354, 0, 0, 1, 0, 0, -0.25759503245354, 0, 0.96625292301178, 0, -0.23794417083263, 0, -0.46827384829521, 1, },
		{ 0.96842181682587, 0, 0.24931742250919, 0, 0, 1, 0, 0, -0.24931742250919, 0, 0.96842181682587, 0, -0.24839477241039, 0, -0.45296034216881, 1, },
		{ 0.9706158041954, 0, 0.2406342625618, 0, 0, 1, 0, 0, -0.2406342625618, 0, 0.9706158041954, 0, -0.25786453485489, 0, -0.43694677948952, 1, },
		{ 0.97280943393707, 0, 0.23160691559315, 0, 0, 1, 0, 0, -0.23160691559315, 0, 0.97280943393707, 0, -0.26631072163582, 0, -0.42033112049103, 1, },
		{ 0.9749790430069, 0, 0.222296833992, 0, 0, 1, 0, 0, -0.222296833992, 0, 0.9749790430069, 0, -0.27369156479836, 0, -0.40321096777916, 1, },
		{ 0.97710305452347, 0, 0.21276648342609, 0, 0, 1, 0, 0, -0.21276648342609, 0, 0.97710305452347, 0, -0.27996382117271, 0, -0.38568413257599, 1, },
		{ 0.97916370630264, 0, 0.20307253301144, 0, 0, 1, 0, 0, -0.20307253301144, 0, 0.97916370630264, 0, -0.28509384393692, 0, -0.36784300208092, 1, },
		{ 0.98115009069443, 0, 0.19324736297131, 0, 0, 1, 0, 0, -0.19324736297131, 0, 0.98115009069443, 0, -0.28850600123405, 0, -0.34975814819336, 1, },
		{ 0.98305380344391, 0, 0.18331722915173, 0, 0, 1, 0, 0, -0.18331722915173, 0, 0.98305380344391, 0, -0.29191818833351, 0, -0.33149489760399, 1, },
		{ 0.98486757278442, 0, 0.17330867052078, 0, 0, 1, 0, 0, -0.17330867052078, 0, 0.98486757278442, 0, -0.29075956344604, 0, -0.31311851739883, 1, },
		{ 0.98658490180969, 0, 0.16324858367443, 0, 0, 1, 0, 0, -0.16324858367443, 0, 0.98658490180969, 0, -0.28960081934929, 0, -0.29469406604767, 1, },
		{ 0.98820048570633, 0, 0.15316596627235, 0, 0, 1, 0, 0, -0.15316596627235, 0, 0.98820048570633, 0, -0.28844222426414, 0, -0.2762847840786, 1, },
		{ 0.98970848321915, 0, 0.14309842884541, 0, 0, 1, 0, 0, -0.14309842884541, 0, 0.98970848321915, 0, -0.287283629179, 0, -0.25794494152069, 1, },
		{ 0.99110454320908, 0, 0.13308565318584, 0, 0, 1, 0, 0, -0.13308565318584, 0, 0.99110454320908, 0, -0.28612488508224, 0, -0.23972716927528, 1, },
		{ 0.99238586425781, 0, 0.12316766381264, 0, 0, 1, 0, 0, -0.12316766381264, 0, 0.99238586425781, 0, -0.28496626019478, 0, -0.22168326377869, 1, },
		{ 0.99355113506317, 0, 0.11338452994823, 0, 0, 1, 0, 0, -0.11338452994823, 0, 0.99355113506317, 0, -0.27988249063492, 0, -0.20386573672295, 1, },
		{ 0.99460053443909, 0, 0.1037772372365, 0, 0, 1, 0, 0, -0.1037772372365, 0, 0.99460053443909, 0, -0.27372801303864, 0, -0.18633735179901, 1, },
		{ 0.9955353140831, 0, 0.094389900565147, 0, 0, 1, 0, 0, -0.094389900565147, 0, 0.9955353140831, 0, -0.26648741960526, 0, -0.16920219361782, 1, },
		{ 0.99635803699493, 0, 0.085267461836338, 0, 0, 1, 0, 0, -0.085267461836338, 0, 0.99635803699493, 0, -0.25813627243042, 0, -0.1525749117136, 1, },
		{ 0.99707299470901, 0, 0.076454803347588, 0, 0, 1, 0, 0, -0.076454803347588, 0, 0.99707299470901, 0, -0.24865111708641, 0, -0.13657020032406, 1, },
		{ 0.99768555164337, 0, 0.067996762692928, 0, 0, 1, 0, 0, -0.067996762692928, 0, 0.99768555164337, 0, -0.23800781369209, 0, -0.1213026419282, 1, },
		{ 0.99820232391357, 0, 0.059932947158813, 0, 0, 1, 0, 0, -0.059932947158813, 0, 0.99820232391357, 0, -0.22623260319233, 0, -0.10686408728361, 1, },
		{ 0.99863231182098, 0, 0.052282020449638, 0, 0, 1, 0, 0, -0.052282020449638, 0, 0.99863231182098, 0, -0.21355345845222, 0, -0.093254774808884, 1, },
		{ 0.99898439645767, 0, 0.045057285577059, 0, 0, 1, 0, 0, -0.045057285577059, 0, 0.99898439645767, 0, -0.20024810731411, 0, -0.080453187227249, 1, },
		{ 0.99926728010178, 0, 0.038271851837635, 0, 0, 1, 0, 0, -0.038271851837635, 0, 0.99926728010178, 0, -0.18659499287605, 0, -0.068436123430729, 1, },
		{ 0.99948978424072, 0, 0.031938750296831, 0, 0, 1, 0, 0, -0.031938750296831, 0, 0.99948978424072, 0, -0.17287124693394, 0, -0.057182312011719, 1, },
		{ 0.99965995550156, 0, 0.026075556874275, 0, 0, 1, 0, 0, -0.026075556874275, 0, 0.99965995550156, 0, -0.15917709469795, 0, -0.046690214425325, 1, },
		{ 0.99978530406952, 0, 0.020718596875668, 0, 0, 1, 0, 0, -0.020718596875668, 0, 0.99978530406952, 0, -0.14489990472794, 0, -0.037044294178486, 1, },
		{ 0.9998733997345, 0, 0.015908792614937, 0, 0, 1, 0, 0, -0.015908792614937, 0, 0.9998733997345, 0, -0.1292489618063, 0, -0.028350219130516, 1, },
		{ 0.99993169307709, 0, 0.011686987243593, 0, 0, 1, 0, 0, -0.011686987243593, 0, 0.99993169307709, 0, -0.11143234372139, 0, -0.020713347941637, 1, },
		{ 0.99996721744537, 0, 0.0080939428880811, 0, 0, 1, 0, 0, -0.0080939428880811, 0, 0.99996721744537, 0, -0.090659938752651, 0, -0.014239349402487, 1, },
		{ 0.99998664855957, 0, 0.0051625063642859, 0, 0, 1, 0, 0, -0.0051625063642859, 0, 0.99998664855957, 0, -0.066822357475758, 0, -0.0090097039937973, 1, },
		{ 0.99999576807022, 0, 0.0028939929325134, 0, 0, 1, 0, 0, -0.0028939929325134, 0, 0.99999576807022, 0, -0.042537536472082, 0, -0.0050097657367587, 1, },
		{ 0.99999916553497, 0, 0.0012818094110116, 0, 0, 1, 0, 0, -0.0012818094110116, 0, 0.99999916553497, 0, -0.021105650812387, 0, -0.0022006987128407, 1, },
		{ 0.99999988079071, 0, 0.00031935056904331, 0, 0, 1, 0, 0, -0.00031935056904331, 0, 0.99999988079071, 0, -0.0058265686966479, 0, -0.0022006987128407, 1, },
		{ 1, 0, 0, 0, 0, 1, 0, 0, 0, 0, 1, 0, 0, 0, -0.0022006987128407, 1, },
	},
}
end
