function data()
return {
	times = { 0, 41.667, 83.333, 125, 166.667, 208.333, 250, 291.667, 333.333, 375, 416.667, 458.333, 500, 541.667, 583.333, 625, 666.667, 708.333, 750, 791.667, 833.333, 875, 916.667, 958.333, 1000, 1041.667, 1083.333, 1125, 1166.667, 1208.333, 1250, 1291.667, 1333.333, 1375, 1416.667, 1458.333, 1500, 1541.667, 1583.333, 1625, 1666.667, 1708.333, 1750, 1791.667, 1833.333, 1875, 1916.667, 1958.333, 2000, 2041.667, 2083.333, 2125, 2166.667, 2208.333, 2250, 2291.667, 2333.333, 2375, 2416.667, 2458.333, 2500, 2541.667, 2583.333, 2625, 2666.667, 2708.333, 2750, 2791.667, 2833.333, 2875, 2916.667, 2958.333, 3000, 3041.667, 3083.333, 3125, 3166.667, 3208.333, 3250, 3291.667, 3333.333, 3375, 3416.667, 3458.333, 3500, 3541.667, 3583.333, 3625, 3666.667, 3708.333, 3750, 3791.667, 3833.333, 3875, 3916.667, 3958.333, 4000, 4041.667, 4083.333, 4125, 4166.667, },
	transfs = {
		{ 1, 0, 0, 0, 0, 1, 0, 0, 0, 0, 1, 0, 0, 0, 0.00062805175548419, 1, },
		{ 0.99999988079071, 0, -0.00038759299786761, 0, 0, 1, 0, 0, 0.00038759299786761, 0, 0.99999988079071, 0, -0.0054174801334739, 0, 0.00062805175548419, 1, },
		{ 0.99999886751175, 0, -0.0014999908162281, 0, 0, 1, 0, 0, 0.0014999908162281, 0, 0.99999886751175, 0, -0.019630432128906, 0, 0.0024580382741988, 1, },
		{ 0.99999469518661, 0, -0.0032616164535284, 0, 0, 1, 0, 0, 0.0032616164535284, 0, 0.99999469518661, 0, -0.039580687880516, 0, 0.0054093929938972, 1, },
		{ 0.99998432397842, 0, -0.0055968877859414, 0, 0, 1, 0, 0, 0.0055968877859414, 0, 0.99998432397842, 0, -0.06220855563879, 0, 0.0094009395688772, 1, },
		{ 0.99996447563171, 0, -0.008430203422904, 0, 0, 1, 0, 0, 0.008430203422904, 0, 0.99996447563171, 0, -0.084456324577332, 0, 0.014352034777403, 1, },
		{ 0.99993151426315, 0, -0.011704121716321, 0, 0, 1, 0, 0, 0.011704121716321, 0, 0.99993151426315, 0, -0.10389434546232, 0, 0.020199431106448, 1, },
		{ 0.99988085031509, 0, -0.015433909371495, 0, 0, 1, 0, 0, 0.015433909371495, 0, 0.99988085031509, 0, -0.12061080336571, 0, 0.026950530707836, 1, },
		{ 0.99980682134628, 0, -0.01965295150876, 0, 0, 1, 0, 0, 0.01965295150876, 0, 0.99980682134628, 0, -0.13532409071922, 0, 0.034630354493856, 1, },
		{ 0.99970233440399, 0, -0.024394581094384, 0, 0, 1, 0, 0, 0.024394581094384, 0, 0.99970233440399, 0, -0.14875136315823, 0, 0.043264158070087, 1, },
		{ 0.9995591044426, 0, -0.029692027717829, 0, 0, 1, 0, 0, 0.029692027717829, 0, 0.9995591044426, 0, -0.16161116957664, 0, 0.05287704244256, 1, },
		{ 0.999367415905, 0, -0.035563681274652, 0, 0, 1, 0, 0, 0.035563681274652, 0, 0.999367415905, 0, -0.17446120083332, 0, 0.063475720584393, 1, },
		{ 0.99911892414093, 0, -0.041968867182732, 0, 0, 1, 0, 0, 0.041968867182732, 0, 0.99911892414093, 0, -0.18722060322762, 0, 0.074994504451752, 1, },
		{ 0.99880599975586, 0, -0.048852078616619, 0, 0, 1, 0, 0, 0.048852078616619, 0, 0.99880599975586, 0, -0.19964843988419, 0, 0.087349086999893, 1, },
		{ 0.99842184782028, 0, -0.056157696992159, 0, 0, 1, 0, 0, 0.056157696992159, 0, 0.99842184782028, 0, -0.21150405704975, 0, 0.10045555233955, 1, },
		{ 0.9979607462883, 0, -0.063830062747002, 0, 0, 1, 0, 0, 0.063830062747002, 0, 0.9979607462883, 0, -0.22254638373852, 0, 0.11422973126173, 1, },
		{ 0.99741780757904, 0, -0.071817621588707, 0, 0, 1, 0, 0, 0.071817621588707, 0, 0.99741780757904, 0, -0.23257598280907, 0, 0.12859344482422, 1, },
		{ 0.9967879652977, 0, -0.080085694789886, 0, 0, 1, 0, 0, 0.080085694789886, 0, 0.9967879652977, 0, -0.24155807495117, 0, 0.14349280297756, 1, },
		{ 0.9960669875145, 0, -0.088603638112545, 0, 0, 1, 0, 0, 0.088603638112545, 0, 0.9960669875145, 0, -0.24949812889099, 0, 0.15887947380543, 1, },
		{ 0.99525105953217, 0, -0.097340933978558, 0, 0, 1, 0, 0, 0.097340933978558, 0, 0.99525105953217, 0, -0.25640317797661, 0, 0.17470550537109, 1, },
		{ 0.99433761835098, 0, -0.10626688599586, 0, 0, 1, 0, 0, 0.10626688599586, 0, 0.99433761835098, 0, -0.26227888464928, 0, 0.19092261791229, 1, },
		{ 0.99332463741302, 0, -0.11535200476646, 0, 0, 1, 0, 0, 0.11535200476646, 0, 0.99332463741302, 0, -0.26712736487389, 0, 0.20748130977154, 1, },
		{ 0.99221068620682, 0, -0.12457114458084, 0, 0, 1, 0, 0, 0.12457114458084, 0, 0.99221068620682, 0, -0.2704014480114, 0, 0.22432532906532, 1, },
		{ 0.99099481105804, 0, -0.13390049338341, 0, 0, 1, 0, 0, 0.13390049338341, 0, 0.99099481105804, 0, -0.27367553114891, 0, 0.24139732122421, 1, },
		{ 0.98967689275742, 0, -0.14331609010696, 0, 0, 1, 0, 0, 0.14331609010696, 0, 0.98967689275742, 0, -0.27260437607765, 0, 0.25863966345787, 1, },
		{ 0.98825806379318, 0, -0.15279407799244, 0, 0, 1, 0, 0, 0.15279407799244, 0, 0.98825806379318, 0, -0.27153334021568, 0, 0.2759947180748, 1, },
		{ 0.98674046993256, 0, -0.16230599582195, 0, 0, 1, 0, 0, 0.16230599582195, 0, 0.98674046993256, 0, -0.27046233415604, 0, 0.29340064525604, 1, },
		{ 0.98513114452362, 0, -0.17180396616459, 0, 0, 1, 0, 0, 0.17180396616459, 0, 0.98513114452362, 0, -0.26939117908478, 0, 0.31077787280083, 1, },
		{ 0.98343968391418, 0, -0.18123577535152, 0, 0, 1, 0, 0, 0.18123577535152, 0, 0.98343968391418, 0, -0.2683199942112, 0, 0.32804319262505, 1, },
		{ 0.98167759180069, 0, -0.19054947793484, 0, 0, 1, 0, 0, 0.19054947793484, 0, 0.98167759180069, 0, -0.26724898815155, 0, 0.3451127409935, 1, },
		{ 0.97985833883286, 0, -0.1996937841177, 0, 0, 1, 0, 0, 0.1996937841177, 0, 0.97985833883286, 0, -0.26244217157364, 0, 0.3619025349617, 1, },
		{ 0.97799700498581, 0, -0.2086188942194, 0, 0, 1, 0, 0, 0.2086188942194, 0, 0.97799700498581, 0, -0.2566032409668, 0, 0.37833052873611, 1, },
		{ 0.97610884904861, 0, -0.21728186309338, 0, 0, 1, 0, 0, 0.21728186309338, 0, 0.97610884904861, 0, -0.24974121153355, 0, 0.3943185210228, 1, },
		{ 0.97421038150787, 0, -0.22564150393009, 0, 0, 1, 0, 0, 0.22564150393009, 0, 0.97421038150787, 0, -0.24186401069164, 0, 0.40978971123695, 1, },
		{ 0.97231900691986, 0, -0.23365707695484, 0, 0, 1, 0, 0, 0.23365707695484, 0, 0.97231900691986, 0, -0.23298048973083, 0, 0.42466780543327, 1, },
		{ 0.97045356035233, 0, -0.24128805100918, 0, 0, 1, 0, 0, 0.24128805100918, 0, 0.97045356035233, 0, -0.22309859097004, 0, 0.4388752579689, 1, },
		{ 0.96863114833832, 0, -0.24850265681744, 0, 0, 1, 0, 0, 0.24850265681744, 0, 0.96863114833832, 0, -0.21224212646484, 0, 0.45234915614128, 1, },
		{ 0.96686154603958, 0, -0.25530117750168, 0, 0, 1, 0, 0, 0.25530117750168, 0, 0.96686154603958, 0, -0.20049667358398, 0, 0.46507865190506, 1, },
		{ 0.96515136957169, 0, -0.26169195771217, 0, 0, 1, 0, 0, 0.26169195771217, 0, 0.96515136957169, 0, -0.18796324729919, 0, 0.4770664870739, 1, },
		{ 0.96350681781769, 0, -0.26768347620964, 0, 0, 1, 0, 0, 0.26768347620964, 0, 0.96350681781769, 0, -0.17474304139614, 0, 0.48831558227539, 1, },
		{ 0.9619334936142, 0, -0.27328372001648, 0, 0, 1, 0, 0, 0.27328372001648, 0, 0.9619334936142, 0, -0.16093733906746, 0, 0.49882826209068, 1, },
		{ 0.9604384303093, 0, -0.27849242091179, 0, 0, 1, 0, 0, 0.27849242091179, 0, 0.9604384303093, 0, -0.14663207530975, 0, 0.50859344005585, 1, },
		{ 0.95903873443604, 0, -0.28327503800392, 0, 0, 1, 0, 0, 0.28327503800392, 0, 0.95903873443604, 0, -0.13185241818428, 0, 0.51754385232925, 1, },
		{ 0.95775407552719, 0, -0.2875884771347, 0, 0, 1, 0, 0, 0.2875884771347, 0, 0.95775407552719, 0, -0.11660888046026, 0, 0.5255982875824, 1, },
		{ 0.95660442113876, 0, -0.29138958454132, 0, 0, 1, 0, 0, 0.29138958454132, 0, 0.95660442113876, 0, -0.1009114086628, 0, 0.53267508745193, 1, },
		{ 0.95560961961746, 0, -0.2946358025074, 0, 0, 1, 0, 0, 0.2946358025074, 0, 0.95560961961746, 0, -0.084770508110523, 0, 0.53869336843491, 1, },
		{ 0.95478665828705, 0, -0.29729163646698, 0, 0, 1, 0, 0, 0.29729163646698, 0, 0.95478665828705, 0, -0.068209685385227, 0, 0.54358845949173, 1, },
		{ 0.95414257049561, 0, -0.29935264587402, 0, 0, 1, 0, 0, 0.29935264587402, 0, 0.95414257049561, 0, -0.051307983696461, 0, 0.54736244678497, 1, },
		{ 0.95368027687073, 0, -0.30082190036774, 0, 0, 1, 0, 0, 0.30082190036774, 0, 0.95368027687073, 0, -0.034158017486334, 0, 0.55003470182419, 1, },
		{ 0.9534022808075, 0, -0.30170181393623, 0, 0, 1, 0, 0, 0.30170181393623, 0, 0.9534022808075, 0, -0.016852721571922, 0, 0.5499455332756, 1, },
		{ 0.953409075737, 0, -0.30168059468269, 0, 0, 1, 0, 0, 0.30168059468269, 0, 0.953409075737, 0, 0.00051666260696948, 0, 0.54985624551773, 1, },
		{ 0.95341569185257, 0, -0.30165934562683, 0, 0, 1, 0, 0, 0.30165934562683, 0, 0.95341569185257, 0, 0.017861479893327, 0, 0.54976695775986, 1, },
		{ 0.95372426509857, 0, -0.3006826043129, 0, 0, 1, 0, 0, 0.3006826043129, 0, 0.95372426509857, 0, 0.035116575658321, 0, 0.54967778921127, 1, },
		{ 0.95421916246414, 0, -0.29910832643509, 0, 0, 1, 0, 0, 0.29910832643509, 0, 0.95421916246414, 0, 0.052220303565264, 0, 0.54671913385391, 1, },
		{ 0.95488381385803, 0, -0.29697960615158, 0, 0, 1, 0, 0, 0.29697960615158, 0, 0.95488381385803, 0, 0.069112241268158, 0, 0.54272866249084, 1, },
		{ 0.95570075511932, 0, -0.29433995485306, 0, 0, 1, 0, 0, 0.29433995485306, 0, 0.95570075511932, 0, 0.085731200873852, 0, 0.53779351711273, 1, },
		{ 0.95665508508682, 0, -0.29122340679169, 0, 0, 1, 0, 0, 0.29122340679169, 0, 0.95665508508682, 0, 0.10201598703861, 0, 0.53198224306107, 1, },
		{ 0.95774203538895, 0, -0.28762832283974, 0, 0, 1, 0, 0, 0.28762832283974, 0, 0.95774203538895, 0, 0.1179022192955, 0, 0.52528762817383, 1, },
		{ 0.9589592218399, 0, -0.2835439145565, 0, 0, 1, 0, 0, 0.2835439145565, 0, 0.9589592218399, 0, 0.13332550227642, 0, 0.51768326759338, 1, },
		{ 0.96030288934708, 0, -0.2789591550827, 0, 0, 1, 0, 0, 0.2789591550827, 0, 0.96030288934708, 0, 0.14822143316269, 0, 0.50914222002029, 1, },
		{ 0.96176874637604, 0, -0.27386283874512, 0, 0, 1, 0, 0, 0.27386283874512, 0, 0.96176874637604, 0, 0.16252502799034, 0, 0.49963849782944, 1, },
		{ 0.96334916353226, 0, -0.268250644207, 0, 0, 1, 0, 0, 0.268250644207, 0, 0.96334916353226, 0, 0.1761761456728, 0, 0.48916205763817, 1, },
		{ 0.96502768993378, 0, -0.26214787364006, 0, 0, 1, 0, 0, 0.26214787364006, 0, 0.96502768993378, 0, 0.18913146853447, 0, 0.47776839137077, 1, },
		{ 0.96678602695465, 0, -0.2555870115757, 0, 0, 1, 0, 0, 0.2555870115757, 0, 0.96678602695465, 0, 0.20135283470154, 0, 0.46552985906601, 1, },
		{ 0.96860599517822, 0, -0.24860067665577, 0, 0, 1, 0, 0, 0.24860067665577, 0, 0.96860599517822, 0, 0.21280090510845, 0, 0.45251831412315, 1, },
		{ 0.97046995162964, 0, -0.24122186005116, 0, 0, 1, 0, 0, 0.24122186005116, 0, 0.97046995162964, 0, 0.22343748807907, 0, 0.43880575895309, 1, },
		{ 0.97236084938049, 0, -0.23348315060139, 0, 0, 1, 0, 0, 0.23348315060139, 0, 0.97236084938049, 0, 0.233224183321, 0, 0.42446073889732, 1, },
		{ 0.97426289319992, 0, -0.22541479766369, 0, 0, 1, 0, 0, 0.22541479766369, 0, 0.97426289319992, 0, 0.24212707579136, 0, 0.40953582525253, 1, },
		{ 0.97616136074066, 0, -0.21704614162445, 0, 0, 1, 0, 0, 0.21704614162445, 0, 0.97616136074066, 0, 0.25011229515076, 0, 0.39408078789711, 1, },
		{ 0.97804200649261, 0, -0.20840755105019, 0, 0, 1, 0, 0, 0.20840755105019, 0, 0.97804200649261, 0, 0.25714567303658, 0, 0.37814438343048, 1, },
		{ 0.97989189624786, 0, -0.19952912628651, 0, 0, 1, 0, 0, 0.19952912628651, 0, 0.97989189624786, 0, 0.26319426298141, 0, 0.36177596449852, 1, },
		{ 0.98169827461243, 0, -0.1904428601265, 0, 0, 1, 0, 0, 0.1904428601265, 0, 0.98169827461243, 0, 0.26769590377808, 0, 0.34503051638603, 1, },
		{ 0.98344868421555, 0, -0.18118664622307, 0, 0, 1, 0, 0, 0.18118664622307, 0, 0.98344868421555, 0, 0.27219787240028, 0, 0.32798665761948, 1, },
		{ 0.98513185977936, 0, -0.17179989814758, 0, 0, 1, 0, 0, 0.17179989814758, 0, 0.98513185977936, 0, 0.27110901474953, 0, 0.31072852015495, 1, },
		{ 0.9867377281189, 0, -0.16232241690159, 0, 0, 1, 0, 0, 0.16232241690159, 0, 0.9867377281189, 0, 0.27001982927322, 0, 0.29334038496017, 1, },
		{ 0.98825794458389, 0, -0.15279427170753, 0, 0, 1, 0, 0, 0.15279427170753, 0, 0.98825794458389, 0, 0.26893097162247, 0, 0.27590653300285, 1, },
		{ 0.9896856546402, 0, -0.14325597882271, 0, 0, 1, 0, 0, 0.14325597882271, 0, 0.9896856546402, 0, 0.26784178614616, 0, 0.25850731134415, 1, },
		{ 0.99101531505585, 0, -0.13374851644039, 0, 0, 1, 0, 0, 0.13374851644039, 0, 0.99101531505585, 0, 0.26675292849541, 0, 0.24120627343655, 1, },
		{ 0.99224299192429, 0, -0.12431328743696, 0, 0, 1, 0, 0, 0.12431328743696, 0, 0.99224299192429, 0, 0.26566407084465, 0, 0.22406333684921, 1, },
		{ 0.99336642026901, 0, -0.11499160528183, 0, 0, 1, 0, 0, 0.11499160528183, 0, 0.99336642026901, 0, 0.26457488536835, 0, 0.20713789761066, 1, },
		{ 0.994384765625, 0, -0.10582514852285, 0, 0, 1, 0, 0, 0.10582514852285, 0, 0.994384765625, 0, 0.26348602771759, 0, 0.19048979878426, 1, },
		{ 0.99529856443405, 0, -0.096853606402874, 0, 0, 1, 0, 0, 0.096853606402874, 0, 0.99529856443405, 0, 0.25768005847931, 0, 0.17418044805527, 1, },
		{ 0.99611085653305, 0, -0.08810892701149, 0, 0, 1, 0, 0, 0.08810892701149, 0, 0.99611085653305, 0, 0.25089782476425, 0, 0.15827834606171, 1, },
		{ 0.99682521820068, 0, -0.079621240496635, 0, 0, 1, 0, 0, 0.079621240496635, 0, 0.99682521820068, 0, 0.24308471381664, 0, 0.14285346865654, 1, },
		{ 0.99744629859924, 0, -0.07142049074173, 0, 0, 1, 0, 0, 0.07142049074173, 0, 0.99744629859924, 0, 0.23418639600277, 0, 0.12797629833221, 1, },
		{ 0.99797946214676, 0, -0.063536606729031, 0, 0, 1, 0, 0, 0.063536606729031, 0, 0.99797946214676, 0, 0.22414855659008, 0, 0.11371695995331, 1, },
		{ 0.998430788517, 0, -0.055998183786869, 0, 0, 1, 0, 0, 0.055998183786869, 0, 0.998430788517, 0, 0.21297699213028, 0, 0.10013602674007, 1, },
		{ 0.99880713224411, 0, -0.048828952014446, 0, 0, 1, 0, 0, 0.048828952014446, 0, 0.99880713224411, 0, 0.2009210139513, 0, 0.087256088852882, 1, },
		{ 0.99911540746689, 0, -0.042051184922457, 0, 0, 1, 0, 0, 0.042051184922457, 0, 0.99911540746689, 0, 0.1882897913456, 0, 0.075090028345585, 1, },
		{ 0.99936294555664, 0, -0.03568721935153, 0, 0, 1, 0, 0, 0.03568721935153, 0, 0.99936294555664, 0, 0.17539215087891, 0, 0.063650660216808, 1, },
		{ 0.99955701828003, 0, -0.029759109020233, 0, 0, 1, 0, 0, 0.029759109020233, 0, 0.99955701828003, 0, 0.16253814101219, 0, 0.052951049059629, 1, },
		{ 0.99970495700836, 0, -0.024290299043059, 0, 0, 1, 0, 0, 0.024290299043059, 0, 0.99970495700836, 0, 0.14984923601151, 0, 0.043017882853746, 1, },
		{ 0.99981355667114, 0, -0.01930951140821, 0, 0, 1, 0, 0, 0.01930951140821, 0, 0.99981355667114, 0, 0.13669371604919, 0, 0.033933486789465, 1, },
		{ 0.99988979101181, 0, -0.014846758916974, 0, 0, 1, 0, 0, 0.014846758916974, 0, 0.99988979101181, 0, 0.12225372344255, 0, 0.025793761014938, 1, },
		{ 0.99994015693665, 0, -0.0109319742769, 0, 0, 1, 0, 0, 0.0109319742769, 0, 0.99994015693665, 0, 0.10571105778217, 0, 0.018694991245866, 1, },
		{ 0.99997109174728, 0, -0.0075950040481985, 0, 0, 1, 0, 0, 0.0075950040481985, 0, 0.99997109174728, 0, 0.086246334016323, 0, 0.012733153998852, 1, },
		{ 0.99998813867569, 0, -0.0048607252538204, 0, 0, 1, 0, 0, 0.0048607252538204, 0, 0.99998813867569, 0, 0.063709408044815, 0, 0.0079777529463172, 1, },
		{ 0.99999624490738, 0, -0.002734106965363, 0, 0, 1, 0, 0, 0.002734106965363, 0, 0.99999624490738, 0, 0.040624540299177, 0, 0.0043910215608776, 1, },
		{ 0.99999922513962, 0, -0.0012151343980804, 0, 0, 1, 0, 0, 0.0012151343980804, 0, 0.99999922513962, 0, 0.020183563232422, 0, 0.0019087218679488, 1, },
		{ 0.99999988079071, 0, -0.0003037771966774, 0, 0, 1, 0, 0, 0.0003037771966774, 0, 0.99999988079071, 0, 0.0055776974186301, 0, 0.00046646117698401, 1, },
		{ 1, 0, 0, 0, 0, 1, 0, 0, 0, 0, 1, 0, 0, 0, 0.00046646117698401, 1, },
	},
}
end
